4001|Sun Nov 23 21:45:48 2014
|&|4002|Sun Nov 23 21:47:24 2014
|4002|5009|1001|2001|0|4002|5010|1001|2003|10|4002|5010|1001|2001|0|4002|5009|1001|2003|10|4002|5009|1001|2002|0|4002|5010|1001|2002|0|4002|5010|1001|2001|0|4002|5009|1001|2001|0|4002|5009|1001|2001|0|4002|5010|1001|2001|0|4002|5010|1001|2001|0|4002|5009|1001|2001|0|4002|5009|1001|2001|0|4002|5010|1001|2003|10|&|4003|Sun Nov 23 21:56:12 2014
|4003|5011|1001|2002|0|4003|5012|1001|2003|10|4003|5012|1001|2001|0|4003|5011|1001|2001|0|4003|5011|1001|2001|0|4003|5012|1001|2001|0|4003|5012|1001|2003|10|4003|5011|1001|2003|10|4003|5012|1001|2003|10|&|4004|Sun Nov 23 22:01:00 2014
|4004|5013|1001|2002|0|4004|5014|1001|2003|10|4004|5014|1001|2001|0|4004|5013|1001|2003|10|4004|5013|1001|2001|0|4004|5014|1001|2001|0|4004|5014|1001|2001|0|4004|5013|1001|2002|0|4004|5013|1001|2002|0|4004|5014|1001|2001|0|4004|5014|1001|2003|10|4004|5013|1001|2003|10|4004|5014|1001|2003|10|4004|5013|1001|2003|10|4004|5014|1001|2003|10|4004|5013|1001|2003|10|4004|5014|1001|2003|10|4004|5013|1001|2002|0|4004|5014|1001|2001|0|&|4005|Mon Nov 24 00:12:14 2014
|4005|5015|1001|2003|10|4005|5016|1001|2001|0|4005|5015|1001|2003|10|&|4006|Mon Nov 24 12:38:46 2014
|4006|5017|1001|2002|0|4006|5018|1001|2003|10|4006|5018|1001|2003|10|4006|5017|1001|2003|10|&|4007|Mon Nov 24 15:14:06 2014
|4007|5019|1001|2001|0|4007|5020|1001|2003|10|&|4008|Mon Nov 24 15:19:52 2014
|4008|5021|1001|2003|10|4008|5022|1001|2002|0|4008|5021|1001|2003|10|4008|5021|1001|2002|0|4008|5022|1001|2001|0|4008|5022|1001|2001|0|4008|5021|1001|2001|0|4008|5021|1001|2001|0|4008|5022|1001|2001|0|4008|5022|1001|2001|0|4008|5021|1001|2001|0|4008|5021|1001|2001|0|4008|5022|1001|2001|0|4008|5022|1001|2001|0|4008|5021|1001|2001|0|4008|5021|1001|2001|0|4008|5022|1001|2001|0|4008|5022|1001|2001|0|4008|5021|1001|2001|0|4008|5021|1001|2001|0|4008|5022|1001|2001|0|4008|5022|1001|2001|0|4008|5021|1001|2001|0|4008|5021|1001|2001|0|4008|5022|1001|2001|0|4008|5022|1001|2001|0|4008|5021|1001|2001|0|4008|5021|1001|2001|0|4008|5022|1001|2001|0|4008|5022|1001|2001|0|4008|5021|1001|2001|0|4008|5021|1001|2001|0|4008|5022|1001|2001|0|4008|5022|1001|2001|0|4008|5021|1001|2001|0|4008|5021|1001|2001|0|4008|5022|1001|2001|0|&|4009|Mon Nov 24 15:41:44 2014
|4009|5023|1001|2003|10|4009|5024|1001|2001|0|4009|5023|1001|2003|10|4009|5023|1001|2003|10|4009|5024|1001|2001|0|4009|5023|1001|2001|0|4009|5023|1001|2001|0|4009|5024|1001|2001|0|4009|5024|1001|2001|0|4009|5023|1001|2001|0|4009|5023|1001|2001|0|4009|5024|1001|2001|0|4009|5024|1001|2001|0|4009|5023|1001|2001|0|4009|5023|1001|2001|0|4009|5024|1001|2001|0|4009|5024|1001|2001|0|4009|5023|1001|2001|0|4009|5023|1001|2001|0|4009|5024|1001|2001|0|4009|5024|1001|2001|0|4009|5023|1001|2001|0|4009|5023|1001|2001|0|4009|5024|1001|2001|0|4009|5024|1001|2001|0|4009|5023|1001|2001|0|4009|5023|1001|2001|0|4009|5024|1001|2001|0|4009|5024|1001|2001|0|4009|5023|1001|2001|0|4009|5023|1001|2001|0|4009|5024|1001|2001|0|4009|5024|1001|2001|0|4009|5023|1001|2001|0|4009|5023|1001|2001|0|4009|5024|1001|2001|0|4009|5024|1001|2001|0|4009|5023|1001|2001|0|&|4010|Mon Nov 24 17:42:06 2014
|&|4011|Mon Nov 24 17:42:35 2014
|4011|5027|1001|2003|10|4011|5028|1001|2001|0|4011|5027|1001|2001|0|4011|5027|1001|2001|0|4011|5028|1001|2001|0|4011|5028|1001|2001|0|4011|5027|1001|2001|0|4011|5027|1001|2001|0|4011|5028|1001|2001|0|4011|5028|1001|2001|0|4011|5027|1001|2001|0|&|4012|Mon Nov 24 21:57:00 2014
|4012|5029|1001|2003|10|4012|5030|1001|2001|0|4012|5029|1001|2003|10|4012|5029|1001|2001|0|4012|5030|1001|2003|10|4012|5030|1001|2003|10|4012|5029|1001|2001|0|4012|5030|1001|2003|10|4012|5030|1001|2003|10|4012|5029|1001|2001|0|4012|5030|1001|2003|10|4012|5030|1001|2003|10|4012|5029|1001|2001|0|4012|5030|1001|2003|10|4012|5030|1001|2003|10|4012|5029|1001|2001|0|4012|5030|1001|2003|10|4012|5030|1001|2003|10|4012|5029|1001|2001|0|4012|5030|1001|2003|10|4012|5030|1001|2003|10|4012|5029|1001|2001|0|4012|5030|1001|2003|10|4012|5030|1001|2003|10|4012|5029|1001|2001|0|4012|5030|1001|2003|10|4012|5030|1001|2003|10|4012|5029|1001|2001|0|4012|5030|1001|2003|10|&|4013|Mon Nov 24 21:58:18 2014
|4013|5031|1001|2003|10|4013|5032|1001|2001|0|4013|5031|1001|2003|10|4013|5031|1001|2001|0|4013|5032|1001|2003|10|4013|5032|1001|2001|0|4013|5031|1001|2003|10|4013|5031|1001|2003|10|4013|5032|1001|2001|0|4013|5031|1001|2003|10|4013|5031|1001|2003|10|4013|5032|1001|2001|0|4013|5031|1001|2003|10|4013|5031|1001|2003|10|4013|5032|1001|2001|0|4013|5031|1001|2003|10|4013|5031|1001|2003|10|4013|5032|1001|2001|0|4013|5031|1001|2003|10|4013|5031|1001|2003|10|4013|5032|1001|2001|0|4013|5031|1001|2003|10|4013|5031|1001|2003|10|4013|5032|1001|2001|0|4013|5031|1001|2003|10|4013|5031|1001|2003|10|4013|5032|1001|2001|0|4013|5031|1001|2003|10|&|4014|Mon Nov 24 21:59:13 2014
|4014|5033|1001|2001|0|4014|5034|1001|2003|10|4014|5034|1001|2003|10|4014|5033|1001|2001|0|4014|5034|1001|2003|10|4014|5034|1001|2003|10|4014|5033|1001|2001|0|4014|5034|1001|2003|10|4014|5034|1001|2003|10|4014|5033|1001|2001|0|4014|5034|1001|2003|10|4014|5034|1001|2003|10|4014|5033|1001|2001|0|4014|5034|1001|2003|10|4014|5034|1001|2003|10|4014|5033|1001|2001|0|4014|5034|1001|2003|10|4014|5034|1001|2003|10|4014|5033|1001|2003|10|4014|5034|1001|2003|10|4014|5033|1001|2001|0|4014|5034|1001|2003|10|4014|5034|1001|2003|10|4014|5033|1001|2001|0|4014|5034|1001|2003|10|4014|5034|1001|2003|10|&|4015|Mon Nov 24 22:00:12 2014
|4015|5035|1001|2003|10|4015|5036|1001|2001|0|4015|5035|1001|2003|10|4015|5035|1001|2003|10|4015|5036|1001|2001|0|4015|5035|1001|2003|10|4015|5035|1001|2003|10|4015|5036|1001|2001|0|4015|5035|1001|2003|10|4015|5035|1001|2003|10|4015|5036|1001|2001|0|4015|5035|1001|2003|10|4015|5035|1001|2003|10|4015|5036|1001|2001|0|4015|5035|1001|2003|10|4015|5035|1001|2003|10|4015|5036|1001|2001|0|4015|5035|1001|2003|10|4015|5035|1001|2003|10|4015|5036|1001|2001|0|4015|5035|1001|2003|10|4015|5035|1001|2003|10|4015|5036|1001|2001|0|4015|5035|1001|2003|10|4015|5035|1001|2003|10|&|4016|Mon Nov 24 22:04:59 2014
|4016|5037|1001|2001|0|4016|5038|1001|2003|10|4016|5038|1001|2003|10|4016|5037|1001|2001|0|4016|5038|1001|2003|10|4016|5038|1001|2003|10|4016|5037|1001|2001|0|4016|5038|1001|2003|10|4016|5038|1001|2003|10|4016|5037|1001|2001|0|4016|5038|1001|2003|10|4016|5038|1001|2003|10|4016|5037|1001|2001|0|4016|5038|1001|2003|10|4016|5038|1001|2003|10|4016|5037|1001|2001|0|4016|5038|1001|2003|10|4016|5038|1001|2003|10|4016|5037|1001|2001|0|4016|5038|1001|2003|10|4016|5038|1001|2003|10|4016|5037|1001|2001|0|4016|5038|1001|2003|10|4016|5038|1001|2003|10|4016|5037|1001|2001|0|4016|5038|1001|2003|10|&|4017|Tue Nov 25 09:31:01 2014
|4017|5039|7|73|1|4017|5040|5|51|2|4017|5039|6|62|1|4017|5040|15|151|0|4017|5039|15|152|2|4017|5039|10|102|2|4017|5040|12|121|1|4017|5039|19|191|2|4017|5040|11|111|2|4017|5039|3|31|2|4017|5040|16|162|1|4017|5039|8|81|1|4017|5040|9|93|0|4017|5039|9|91|1|4017|5039|2|22|1|4017|5040|14|141|2|4017|5039|1|13|1|4017|5040|18|181|1|4017|5039|13|131|1|4017|5040|4|43|2|4017|5039|17|172|2|4017|luigi|||17|&|4018|Wed Nov 26 19:51:09 2014
|4018|5041|5|51|2|4018|5042|7|73|1|4018|5041|11|111|2|4018|5042|13|133|0|4018|5041|13|133|0|4018|5041|12|121|1|4018|5042|15|151|0|4018|5041|15|151|0|4018|5041|2|21|0|4018|5042|2|21|0|4018|5042|6|61|0|4018|5041|6|61|0|4018|5041|1|11|0|4018|5042|1|11|0|4018|5042|17|171|0|4018|5041|17|171|0|4018|5041|3|31|2|4018|5042|18|181|1|4018|5041|4|41|0|4018|5042|4|41|0|4018|5042|19|191|2|4018|5041|10|101|0|4018|5042|10|101|0|4018|5042|9|91|1|4018|5041|16|161|0|4018|5042|16|161|0|4018|5042|8|81|1|4018|5041|14|141|2|4018|5042|16|161|0|4018|5041|16|161|0|4018|5041|9|91|1|4018|5042|12|121|1|4018|5041|14|141|2|4018|5042|19|191|2|4018|5041|11|111|2|4018|5042|7|71|0|4018|5041|7|71|0|4018|5041|2|21|0|4018|5042|2|21|0|4018|5042|3|31|2|4018|5041|6|61|0|4018|5042|6|61|0|4018|5042|1|11|0|4018|5041|1|11|0|4018|5041|13|131|1|4018|5042|18|181|1|4018|5041|4|41|0|4018|5042|4|41|0|4018|5042|5|51|2|4018|5041|17|171|0|4018|5042|17|171|0|4018|5042|15|151|0|4018|5041|15|151|0|4018|Ignorancia|||17|&|4019|Wed Nov 26 21:08:57 2014
|4019|5043|10|103|0|4019|5044|10|102|2|4019|5044|7|73|1|4019|5043|1|13|1|4019|5044|5|51|2|4019|5043|8|83|0|4019|5044|8|81|1|4019|5044|14|143|2|4019|5043|19|191|2|4019|5044|15|151|0|4019|5043|15|151|0|4019|5043|18|181|1|4019|5044|4|43|2|4019|5043|9|92|0|4019|5044|9|93|0|4019|5044|6|62|1|4019|5043|11|111|2|4019|5044|2|22|1|4019|5043|16|162|1|4019|5044|13|133|0|4019|5043|13|132|1|4019|5043|12|121|1|4019|5044|17|172|2|4019|5043|3|31|2|4019|5044|19|193|0|4019|5043|19|191|2|4019|5043|1|13|1|4019|5044|12|123|0|4019|5043|12|121|1|4019|5043|14|141|2|4019|tania|||17|&|4020|Thu Nov 27 18:41:50 2014
|4020|5045|9|92|0|4020|5046|9|93|0|4020|5046|5|51|2|4020|5045|15|151|0|4020|5046|15|151|0|4020|5046|10|101|0|4020|5045|10|101|0|4020|5045|7|71|0|4020|5046|7|71|0|4020|5046|11|111|2|4020|5045|18|181|1|4020|5046|8|81|1|4020|5045|12|121|1|4020|5046|14|141|2|4020|5045|17|171|0|4020|5046|17|171|0|4020|5046|2|21|0|4020|5045|2|21|0|4020|5045|19|191|2|4020|5046|6|61|0|4020|5045|6|61|0|4020|5045|3|31|2|4020|5046|16|161|0|4020|5045|16|161|0|4020|5045|4|41|0|4020|5046|4|41|0|4020|5046|1|11|0|4020|5045|1|11|0|4020|5045|13|131|1|4020|5046|9|91|1|4020|5045|12|121|1|4020|5046|2|21|0|4020|5045|2|21|0|4020|5045|18|181|1|4020|5046|6|61|0|4020|5045|6|61|0|4020|5045|5|51|2|4020|5046|4|41|0|4020|5045|4|41|0|4020|5045|1|11|0|4020|5046|1|11|0|4020|5046|17|171|0|4020|5045|17|171|0|4020|5045|8|81|1|4020|5046|3|31|2|4020|5045|11|111|2|4020|5046|16|161|0|4020|5045|16|161|0|4020|5045|10|101|0|4020|5046|10|101|0|4020|Ignorancia|||17|&|4021|Mon Dec  1 19:40:27 2014
|4021|5047|3|31|2|4021|5048|10|102|2|4021|5047|17|171|0|4021|5048|17|171|0|4021|5048|1|12|0|4021|5047|1|11|0|4021|5047|19|193|0|4021|5048|19|193|0|4021|5048|1902|8|0|4021|5047|1902|8|0|4021|5047|15|151|0|4021|5048|15|151|0|4021|5048|2|21|0|4021|5047|2|21|0|4021|5047|13|131|1|4021|5048|11|111|2|4021|5047|5|51|2|4021|5048|4|41|0|4021|5047|4|41|0|4021|5047|8|81|1|4021|5048|7|71|0|4021|5047|7|71|0|4021|5047|18|181|1|4021|5048|6|61|0|4021|5047|6|61|0|4021|5047|9|91|1|4021|5048|12|121|1|4021|5047|16|161|0|4021|5048|16|161|0|4021|5048|14|141|2|4021|5047|10|101|0|4021|5048|10|101|0|4021|5048|14|141|2|4021|5047|13|131|1|4021|5048|17|171|0|4021|5047|17|171|0|4021|5047|9|91|1|4021|5048|6|61|0|4021|5047|6|61|0|4021|5047|1|11|0|4021|5048|1|11|0|4021|5048|12|121|1|4021|5047|16|161|0|4021|5048|16|161|0|4021|5048|2|21|0|4021|5047|2|21|0|4021|5047|4|41|0|4021|5048|4|41|0|4021|Ignorancia|||17|&|4022|Thu Jun 18 09:54:25 2015
|4022|5049|7|73|1|4022|5050|5|52|0|4022|5049|5|52|0|4022|5049|15|151|0|4022|5050|15|151|0|4022|5050|12|121|1|4022|5049|3|31|2|4022|5050|9|91|1|4022|5049|14|141|2|4022|5050|10|101|0|4022|5049|10|101|0|4022|5049|1|11|0|4022|5050|1|11|0|4022|5050|1902|8|0|4022|5049|1902|8|0|4022|5049|18|181|1|4022|5050|17|171|0|4022|5049|17|171|0|4022|5049|16|161|0|4022|5050|16|161|0|4022|5050|8|81|1|4022|5049|2|21|0|4022|5050|2|21|0|4022|5050|11|111|2|4022|5049|13|131|1|4022|5050|4|41|0|4022|5049|4|41|0|4022|5049|19|191|2|4022|5050|6|61|0|4022|5049|6|61|0|4022|5049|12|121|1|4022|5050|4|41|0|4022|5049|4|41|0|4022|5049|10|101|0|4022|5050|10|101|0|4022|5050|11|111|2|4022|5049|17|171|0|4022|5050|17|171|0|4022|5050|18|181|1|4022|5049|1|11|0|4022|5050|1|11|0|4022|5050|9|91|1|4022|5049|8|81|1|4022|5050|19|191|2|4022|5049|14|141|2|4022|5050|6|61|0|4022|5049|6|61|0|4022|5049|5|51|2|4022|5050|13|131|1|4022|5049|3|32|0|4022|5050|3|32|0|4022|5050|15|151|0|4022|5049|15|152|2|4022|alex|||17|&|4023|Thu Jun 18 09:54:50 2015
|4023|5051|19|191|2|4023|5052|8|82|0|4023|5051|8|83|0|4023|5051|6|62|1|4023|5052|14|142|0|4023|5051|14|143|2|4023|5051|7|72|0|4023|5052|7|73|1|4023|5052|18|182|1|4023|5051|3|31|2|4023|5052|1902|8|0|4023|5051|1902|9|5|4023|5051|2|21|0|4023|5052|2|21|0|4023|5052|13|131|1|4023|5051|5|51|2|4023|5052|15|151|0|4023|5051|15|151|0|4023|5051|12|121|1|4023|5052|10|101|0|4023|5051|10|101|0|4023|5051|1|11|0|4023|5052|1|11|0|4023|5052|17|171|0|4023|5051|17|171|0|4023|5051|4|41|0|4023|5052|4|41|0|4023|5052|9|91|1|4023|5051|11|111|2|4023| sdd  s|||17|&|4024|Thu Jun 18 09:55:48 2015
|4024|5053|6|62|1|4024|5054|10|103|0|4024|5053|10|102|2|4024|5053|9|91|1|4024|5054|1|11|0|4024|5053|1|11|0|4024|5053|15|151|0|4024|5054|15|151|0|4024|5054|17|171|0|4024|5053|17|171|0|4024|5053|7|71|0|4024|5054|7|71|0|4024|5054|16|161|0|4024|5053|16|161|0|4024|5053|12|121|1|4024|5054|19|191|2|4024|5053|13|131|1|4024|5054|8|81|1|4024|5053|3|31|2|4024|5054|2|21|0|4024|5053|2|21|0|4024|5053|18|181|1|4024|5054|4|41|0|4024|5053|4|41|0|4024|5053|5|51|2|4024|5054|1902|8|0|4024|5053|1902|8|0|4024|5053|11|111|2|4024|5054|14|141|2|4024|5053|14|141|2|4024|5054|2|21|0|4024|5053|2|21|0|4024|5053|11|111|2|4024|edgar|||17|&|